1500.0
0,0,2024-09-26T15:45:02.213035145,150.0,false,0|1|0,1|1|2,2|1|3
1,0,2024-09-26T15:45:52.772038124,150.0,false,0|1|0,1|1|2,2|1|3
2,0,2024-09-26T15:46:43.779037725,150.0,false,0|1|3,1|1|5,2|1|4
3,0,2024-09-26T15:48:47.139992080,0.0,false,0|1|8,1|1|11
4,0,2024-09-26T15:50:14.731704204,150.0,false,0|2|0,1|2|2
5,0,2024-09-26T15:58:46.506055444,0.0,true,0|1|6
6,0,2024-09-27T00:57:03.029775500,250.0,true,0|1|13,1|1|14,2|1|1,3|1|0,4|1|5
7,0,2024-09-27T00:58:22.633268800,0.0,false,0|1|6,1|1|4
8,0,2024-09-27T01:01:52.999233800,100.0,true,0|1|9,1|1|10
9,0,2024-09-27T01:04:27.851792700,100.0,false,0|1|9,1|1|10
10,0,2024-09-27T01:04:52.343538600,100.0,false,0|1|7,1|1|8
11,0,2024-09-27T01:11:20.183915300,150.0,false,0|1|2,1|1|3
